1 0.4021592442645074 0.3312457827260459 0.040485829959514205 0.3696510908681961
1 0.5053981106612686 0.3264451192082771 0.2550607287449392 0.39845507197480884
0 0.8346828609986505 0.3348462803643724 0.29824561403508754 0.32404478744939275
0 0.17678812415654518 0.7741069922402158 0.2995951417004048 0.3096427968960863
1 0.08824801590160555 0.3140880352906243 0.026403538470916893 0.3631770045093407
1 0.185941108243998 0.3289595074580326 0.24643302572855755 0.39291994884415743
1 0.6939730028105986 0.756096953353498 0.023763184623825283 0.27864442587354576
1 0.827750931063244 0.767837589275136 0.3054009283136051 0.3146490426999028
1 0.3700895975673515 0.7686202983365785 0.02904389231800856 0.33499947829740895
1 0.4981467591512984 0.7592277895992681 0.295719630874269 0.3318686420516388
