1 0.446693657219973 0.2962962962962963 0.04318488529014843 0.405458089668616
1 0.4365721997300945 0.766531713900135 0.020242914979757033 0.3862648073174389
1 0.7280701754385964 0.7689308741940322 0.022941970310391326 0.2519118308591993
1 0.13832658569500675 0.7449392712550608 0.03103913630229421 0.20392862498125652
1 0.13022941970310392 0.28310091467986204 0.03373819163292847 0.22552106762633084
1 0.27125506072874495 0.3034937771779877 0.31848852901484476 0.299895036737142
1 0.5566801619433198 0.31788873894137054 0.27665317139001355 0.4246513720197931
1 0.8522267206477733 0.7653321337531864 0.2766531713900136 0.27830259409206776
1 0.5566801619433198 0.768930874194032 0.27395411605937914 0.36227320437846755
1 0.26788124156545207 0.7629329734592892 0.2847503373819163 0.2207227470385365
0 0.8508771929824561 0.30349377717798776 0.26315789473684204 0.4102564102564103
