0 0.1673414304993252 0.2878992352676563 0.3103913630229419 0.23031938821412504
1 0.7260458839406206 0.7569350727245464 0.04858299595141702 0.4342480131953817
1 0.35964912280701755 0.7725296146348778 0.025641025641025692 0.34547908232118746
1 0.3630229419703104 0.3094916779127306 0.021592442645074216 0.34068076173339334
1 0.6983805668016194 0.2878992352676563 0.03643724696356287 0.3550757234967762
1 0.029689608636977057 0.7569350727245464 0.021592442645074223 0.19433198380566807
1 0.5033738191632928 0.3070925176188334 0.3076923076923076 0.3838656470235417
1 0.8265856950067476 0.2974958764432449 0.29824561403508765 0.3646723646723647
1 0.49527665317138997 0.7677312940470835 0.30769230769230765 0.3646723646723647
1 0.8380566801619435 0.7617333933123408 0.2860998650472335 0.4246513720197931
1 0.16734143049932526 0.752136752136752 0.29419703103913636 0.25671015144699355
