0 0.5404858299595142 0.30829209776578204 0.24426450742240213 0.4054580896686161
1 0.09041835357624832 0.7593342330184436 0.03238866396761135 0.1895336632178737
1 0.12213225371120107 0.30109461688409056 0.0418353576248313 0.3766681661418504
1 0.2280701754385965 0.2950967161493477 0.2834008097165992 0.388663967611336
1 0.22199730094466935 0.7725296146348778 0.28205128205128205 0.24951267056530213
1 0.713225371120108 0.3190883190883191 0.028340080971659774 0.21592442645074225
1 0.8414304993252361 0.308292097765782 0.2928475033738191 0.19433198380566805
1 0.40283400809716596 0.7653321337531864 0.020242914979757103 0.32148747938221617
1 0.529689608636977 0.7437396911081122 0.2874493927125507 0.3166891587944219
1 0.7280701754385964 0.7617333933123408 0.06342780026990553 0.30469335732493624
1 0.8502024291497975 0.7679712064156452 0.2995951417004049 0.3843454717606651
