0 0.8346828609986505 0.785724996251312 0.3117408906882592 0.319088319088319
0 0.5060728744939271 0.7605338131653921 0.310391363022942 0.3022941970310391
1 0.36369770580296895 0.30589293747188484 0.039136302294197095 0.3094916779127306
1 0.7010796221322536 0.3070925176188334 0.022941970310391326 0.32148747938221617
1 0.037786774628879895 0.2878992352676563 0.04048582995951417 0.3742690058479532
1 0.03441295546558704 0.7521367521367521 0.03913630229419703 0.2711051132103763
1 0.1754385964912281 0.2831009146798621 0.3049932523616734 0.40785724996251316
1 0.49999999999999994 0.2747038536512221 0.3063427800269905 0.35747488379067327
1 0.8306342780026991 0.2986954565901934 0.2928475033738192 0.3094916779127306
1 0.16869095816464239 0.7497375918428552 0.29689608636977055 0.2902983955615535
