0 0.17273954116059378 0.7681061628430049 0.31039136302294196 0.26883715699505173
0 0.5141700404858299 0.7609051675663516 0.31848852901484487 0.283239147548358
1 0.6943319838056681 0.7585048358074674 0.020242914979757103 0.23043184885290147
1 0.8279352226720647 0.7573046699280251 0.29014844804318485 0.19442687246963558
1 0.7058029689608637 0.32764528508771934 0.053981106612685605 0.36725075910931176
1 0.8238866396761133 0.3372466121232568 0.3009446693657219 0.36725075910931165
1 0.058704453441295545 0.31924412393162394 0.028340080971659916 0.33604644624381463
1 0.17408906882591094 0.33964694388214123 0.27800269905533065 0.3912540766981556
1 0.377867746288799 0.32884545096716145 0.05668016194331976 0.3024418016194332
1 0.49595141700404854 0.33004561684660366 0.2955465587044534 0.35284876855600544
