0 0.16801619433198384 0.27470385365122213 0.3036437246963563 0.28550007497375923
1 0.03306342780026991 0.7593342330184436 0.028340080971659923 0.21832358674463948
1 0.17004048582995948 0.7701304543409806 0.3157894736842105 0.21592442645074214
1 0.6869095816464238 0.3322837007047534 0.03238866396761139 0.29029839556155346
1 0.8306342780026991 0.30469335732493624 0.29554655870445345 0.2974958764432449
1 0.6977058029689609 0.7425401109611636 0.040485829959514205 0.3382816014394961
1 0.8252361673414305 0.8010946168840906 0.3063427800269905 0.3978107662318189
1 0.36774628879892035 0.3334832808517019 0.03373819163292858 0.4126555705503074
1 0.4993252361673414 0.29149797570850206 0.2968960863697706 0.3910631279052332
0 0.5155195681511471 0.7605338131653921 0.32118758434547906 0.3934622881991303
