1 0.06545209176788123 0.3178887389413706 0.028340080971659923 0.3574748837906733
1 0.18083670715249664 0.32508621982306196 0.2699055330634278 0.34307992202729054
1 0.38124156545209176 0.34307992202729054 0.05533063427800272 0.33588244114559906
1 0.5040485829959515 0.31788873894137054 0.30094466936572206 0.3430799220272905
1 0.6997300944669366 0.33468286099865047 0.03643724696356273 0.22312190733243364
1 0.8299595141700405 0.35147698305593045 0.29689608636977055 0.31908831908831914
1 0.04993252361673414 0.755735492577598 0.03508771929824561 0.3550757234967762
1 0.1794871794871795 0.7605338131653923 0.30769230769230765 0.3838656470235419
1 0.36774628879892035 0.7713300344879294 0.03373819163292858 0.29509671614934774
1 0.5020242914979758 0.7593342330184437 0.2968960863697707 0.3430799220272906
